U306 0 0 0.0332529
U296 1 0 0.114093
U297 0 0 0.0825142
U298 1 0 0.0278498
U299 0 0 0.0708709
U300 1 0 0.0764457
U301 0 0 0.0282966
U302 0 0 0.073574
U303 1 0 0.0540059
U304 0 0 0.0214827
U305 1 0 0.0563801
U295 0 0 0.0619525
U307 1 0 0.0850455
U308 0 0 0.0712711
U309 1 0 0.0758987
U310 1 0 0.0278498
U311 0 0 0.0707054
U312 1 0 0.0758987
U313 0 0 0.0282966
U314 1 0 0.0819924
U315 0 0 0.0572562
U316 1 0 0.0479073
U285 0 0 0.0214827
U275 0 0 0.0537924
U276 1 0 0.0342063
U277 1 0 0.0413029
U278 0 0 0.0232357
U279 0 0 0.0318335
U280 1 0 0.0761614
U281 0 0 0.0428719
U282 0 0 0.0542687
U283 1 0 0.042652
U284 0 0 0.0431624
U317 0 0 0.0277029
U286 1 0 0.0914347
U287 1 0 0.0400998
U288 0 0 0.0431624
U289 0 0 0.0214827
U290 1 0 0.0913394
U291 0 0 -nan
U292 1 0 -inf
U293 0 0 0.0376726
U294 1 0 0.0520457
U349 1 0 0.0713684
U339 1 0 0.0253554
U340 1 0 0.0250087
U341 1 0 0.0585959
U342 1 0 0.0422446
U343 0 0 0.0208915
U344 0 0 0.0386293
U345 0 0 0.0275489
U346 1 0 0.0387552
U347 1 0 0.0663969
U348 0 0 0.024619
U338 0 0 0.0208915
U350 0 0 0.0477642
U351 1 0 0.0278498
U352 0 0 0.0208915
U353 1 0 0.0253554
U354 0 0 0.0329852
U355 0 0 0.0471575
U356 1 0 0.0278498
U357 0 0 0.0208915
U358 1 0 0.0253554
U359 1 0 0.0250087
U328 1 0 0.0604379
U318 1 0 0.0755508
U319 1 0 0.0278498
U320 1 0 0.0253554
U321 0 0 0.0476526
U322 1 0 0.098103
U323 0 0 -nan
U324 0 0 0.0658186
U325 1 0 0.0680873
U326 0 0 0.0333029
U327 0 0 0.0538715
U274 1 0 0.0387552
U329 0 0 0.0282966
U330 1 0 0.0430215
U331 0 0 0.0714554
U332 1 0 0.0758987
U333 0 0 0.0282966
U334 1 0 -inf
U335 0 0 0.0392827
U336 0 0 0.0477642
U337 1 0 0.0278498
U221 1 0 0.129502
U211 1 0 0.102211
U212 0 0 0.0712711
U213 1 0 0.0963215
U214 1 0 0.0278498
U215 0 0 0.112934
U216 0 0 0.0640137
U217 1 0 0.0972434
U218 0 0 0.114426
U219 1 0 0.0253554
U220 0 0 0.0620432
U210 1 0 0.0342063
U222 0 0 0.142354
U223 1 0 0.0980257
U224 0 0 0.072021
U225 1 0 0.0972434
U226 0 0 0.114426
U227 1 0 0.0253554
U228 0 0 0.0637395
U229 1 0 0.0529784
U230 0 0 0.0282966
U231 0 0 0.112934
U200 1 0 0.0971542
U190 1 0 0.0646871
U191 0 0 0.0647408
U192 1 0 0.0642359
U193 1 0 0.0464452
U194 1 0 0.0808281
U195 0 0 0.0494776
U196 0 0 0.104916
U197 1 0 0.0576826
U198 0 0 0.0500185
U199 0 0 0.0934346
U232 1 0 0.0602707
U201 0 0 0.0477642
U202 1 0 0.0278498
U203 1 0 0.0253554
U204 1 0 0.0964307
U205 0 0 0.0819945
U206 1 0 0.0730083
U207 0 0 0.0504461
U208 0 0 0.0318335
U209 0 0 0.036405
U264 0 0 0.0494427
U254 1 0 0.0910468
U255 1 0 0.0703499
U256 0 0 0.0663795
U257 1 0 0.049122
U258 1 0 0.0796923
U259 0 0 0.061711
U260 1 0 0.0687498
U261 0 0 0.0434141
U262 1 0 0.0485204
U263 0 0 0.0208915
U253 0 0 0.0214827
U265 0 0 0.0426897
U266 1 0 0.0485204
U267 0 0 0.0208915
U268 0 0 0.0588206
U269 1 0 0.0775926
U270 0 0 0.0581036
U271 1 0 0.0497839
U272 0 0 0.0504461
U273 0 0 0.0318335
U243 0 0 0.112934
U233 0 0 0.0669168
U234 1 0 -nan
U235 0 0 -nan
U236 1 0 0.0655733
U237 0 0 0.118228
U238 1 0 -nan
U239 1 0 0.068775
U240 0 0 0.0462809
U241 1 0 0.0966046
U242 1 0 0.0278498
U189 0 0 0.108509
U244 1 0 0.172608
U245 0 0 0.0425664
U246 0 0 0.0548831
U247 1 0 0.042652
U248 0 0 0.0601301
U249 0 0 0.0214827
U250 1 0 0.0911324
U251 1 0 0.0400998
U252 0 0 0.0431624

U306 0 0 0.0332529
U296 0 0 0.0761564
U297 1 0 0.0920099
U298 0 0 0.0282966
U299 1 0 0.10521
U300 0 0 0.0675469
U301 1 0 0.0278498
U302 0 0 0.073574
U303 1 0 0.0540059
U304 0 0 0.0359611
U305 1 0 0.0563801
U295 0 0 0.0595702
U307 1 0 0.0850455
U308 0 0 0.0712711
U309 1 0 0.0758987
U310 1 0 0.0278498
U311 0 0 0.0707054
U312 1 0 0.0758987
U313 0 0 0.0282966
U314 1 0 0.0819924
U315 0 0 0.0572562
U316 1 0 0.0479073
U285 0 0 0.0214827
U275 0 0 0.0537924
U276 1 0 0.0342063
U277 1 0 0.0413029
U278 0 0 0.0232357
U279 0 0 0.0318335
U280 1 0 0.0761614
U281 0 0 0.0428719
U282 0 0 0.0542687
U283 1 0 0.042652
U284 0 0 0.0431624
U317 0 0 0.0277029
U286 1 0 0.0914347
U287 1 0 0.0400998
U288 0 0 0.0431624
U289 0 0 0.0214827
U290 1 0 0.0913394
U291 0 0 -nan
U292 1 0 -inf
U293 0 0 0.0375219
U294 1 0 0.0514325
U349 1 0 0.0713684
U339 1 0 0.0253554
U340 1 0 0.0250087
U341 1 0 0.0594329
U342 0 0 0.0408079
U343 1 0 0.0250087
U344 1 0 0.0589411
U345 0 0 0.0275489
U346 1 0 0.0387552
U347 0 0 0.027076
U348 0 0 0.024619
U338 1 0 0.0250087
U350 0 0 0.0477642
U351 1 0 0.0278498
U352 0 0 0.0208915
U353 1 0 0.0253554
U354 1 0 0.0368155
U355 0 0 0.0471575
U356 1 0 0.0278498
U357 1 0 0.0250087
U358 1 0 0.0253554
U359 1 0 0.0250087
U328 1 0 0.0604379
U318 1 0 0.0755508
U319 1 0 0.0278498
U320 1 0 0.0253554
U321 1 0 0.0857815
U322 0 0 0.0725854
U323 0 0 -nan
U324 0 0 0.0658186
U325 1 0 0.0680873
U326 0 0 0.0333029
U327 0 0 0.0538715
U274 1 0 0.0387552
U329 1 0 0.0278498
U330 1 0 0.0430215
U331 0 0 0.0714554
U332 1 0 0.0758987
U333 1 0 0.0278498
U334 1 0 -inf
U335 0 0 0.0394884
U336 0 0 0.0477642
U337 1 0 0.0278498
U221 0 0 0.0656367
U211 1 0 0.102211
U212 0 0 0.0712711
U213 0 0 0.104575
U214 1 0 0.0278498
U215 1 0 0.147556
U216 0 0 0.0640137
U217 0 0 0.105096
U218 1 0 0.14855
U219 1 0 0.0253554
U220 1 0 0.0520554
U210 1 0 0.0342063
U222 1 0 0.129501
U223 1 0 0.0980257
U224 0 0 0.072021
U225 0 0 0.105096
U226 1 0 0.14855
U227 1 0 0.0253554
U228 0 0 0.0637395
U229 1 0 0.0529784
U230 0 0 0.0282966
U231 1 0 0.147556
U200 0 0 0.0555993
U190 1 0 0.0646871
U191 0 0 0.0647408
U192 1 0 0.0642359
U193 1 0 0.0464452
U194 1 0 0.0808281
U195 0 0 0.0494776
U196 1 0 0.112756
U197 1 0 0.0576826
U198 0 0 0.0500185
U199 1 0 0.113416
U232 0 0 0.0548012
U201 0 0 0.0477642
U202 1 0 0.0278498
U203 1 0 0.0253554
U204 0 0 0.0436485
U205 0 0 0.0819945
U206 1 0 0.0730083
U207 1 0 0.087584
U208 0 0 0.0318335
U209 0 0 0.036405
U264 0 0 0.0494427
U254 1 0 0.0910468
U255 0 0 0.0661216
U256 1 0 0.0562291
U257 0 0 0.0473605
U258 0 0 0.0464468
U259 1 0 0.093866
U260 1 0 0.0687498
U261 0 0 0.0434141
U262 1 0 0.0485204
U263 0 0 0.0208915
U253 0 0 0.0214827
U265 0 0 0.0426897
U266 1 0 0.0485204
U267 0 0 0.0208915
U268 0 0 0.0588206
U269 1 0 0.0775926
U270 0 0 0.0581036
U271 1 0 0.0497839
U272 1 0 0.087584
U273 0 0 0.0318335
U243 1 0 0.147556
U233 1 0 0.0736412
U234 1 0 -nan
U235 0 0 -nan
U236 0 0 0.0684848
U237 1 0 0.151083
U238 1 0 -nan
U239 0 0 0.0710279
U240 1 0 0.0517739
U241 0 0 0.105196
U242 1 0 0.0278498
U189 1 0 0.123073
U244 0 0 0.200988
U245 1 0 0.0840444
U246 0 0 0.0548831
U247 1 0 0.042652
U248 1 0 0.0646933
U249 0 0 0.0214827
U250 0 0 0.0593253
U251 1 0 0.0400998
U252 0 0 0.0431624

U306 0 0 0.0332529
U296 1 0 0.114093
U297 0 0 0.0825142
U298 1 0 0.0278498
U299 1 0 0.10521
U300 0 0 0.0675469
U301 1 0 0.0278498
U302 0 0 0.073574
U303 1 0 0.0540059
U304 0 0 0.0214827
U305 1 0 0.0563801
U295 0 0 0.0595702
U307 1 0 0.0850455
U308 0 0 0.0712711
U309 1 0 0.0758987
U310 1 0 0.0278498
U311 0 0 0.0707054
U312 1 0 0.0758987
U313 0 0 0.0282966
U314 1 0 0.0819924
U315 0 0 0.0572562
U316 1 0 0.0479073
U285 0 0 0.0214827
U275 0 0 0.0537924
U276 1 0 0.0342063
U277 1 0 0.0413029
U278 0 0 0.0232357
U279 0 0 0.0318335
U280 1 0 0.0761614
U281 0 0 0.0428719
U282 0 0 0.0542687
U283 1 0 0.042652
U284 0 0 0.0431624
U317 0 0 0.0277029
U286 1 0 0.0914347
U287 1 0 0.0400998
U288 0 0 0.0431624
U289 0 0 0.0214827
U290 1 0 0.0913394
U291 0 0 -nan
U292 1 0 -inf
U293 0 0 0.0375219
U294 1 0 0.0514325
U349 1 0 0.0713684
U339 1 0 0.0253554
U340 1 0 0.0250087
U341 1 0 0.0585959
U342 0 0 0.0408079
U343 1 0 0.0250087
U344 0 0 0.0386293
U345 0 0 0.0275489
U346 1 0 0.0387552
U347 1 0 0.0663969
U348 0 0 0.024619
U338 0 0 0.0208915
U350 0 0 0.0477642
U351 1 0 0.0278498
U352 0 0 0.0208915
U353 1 0 0.0253554
U354 0 0 0.0329852
U355 0 0 0.0471575
U356 1 0 0.0278498
U357 0 0 0.0208915
U358 1 0 0.0253554
U359 1 0 0.0250087
U328 1 0 0.0604379
U318 1 0 0.0755508
U319 1 0 0.0278498
U320 1 0 0.0253554
U321 0 0 0.0476526
U322 1 0 0.098103
U323 0 0 -nan
U324 0 0 0.0658186
U325 1 0 0.0680873
U326 0 0 0.0333029
U327 0 0 0.0538715
U274 1 0 0.0387552
U329 0 0 0.0282966
U330 1 0 0.0430215
U331 0 0 0.0714554
U332 1 0 0.0758987
U333 0 0 0.0282966
U334 1 0 -inf
U335 0 0 0.0392827
U336 0 0 0.0477642
U337 1 0 0.0278498
U221 1 0 0.129502
U211 1 0 0.102211
U212 0 0 0.0712711
U213 1 0 0.0963215
U214 1 0 0.0278498
U215 0 0 0.112934
U216 0 0 0.0640137
U217 1 0 0.0972434
U218 0 0 0.114426
U219 1 0 0.0253554
U220 0 0 0.0620432
U210 1 0 0.0342063
U222 0 0 0.142354
U223 1 0 0.0980257
U224 0 0 0.072021
U225 1 0 0.0972434
U226 0 0 0.114426
U227 1 0 0.0253554
U228 0 0 0.0637395
U229 1 0 0.0529784
U230 0 0 0.0282966
U231 1 0 0.0253554
U200 1 0 0.0971542
U190 1 0 0.0646871
U191 0 0 0.0647408
U192 1 0 0.0642359
U193 1 0 0.0464452
U194 1 0 0.0808281
U195 0 0 0.0494776
U196 0 0 0.104916
U197 1 0 0.0576826
U198 0 0 0.0500185
U199 0 0 0.0934346
U232 1 0 0.0602707
U201 0 0 0.0477642
U202 1 0 0.0278498
U203 1 0 0.0253554
U204 1 0 0.0964307
U205 0 0 0.0819945
U206 1 0 0.0730083
U207 0 0 0.0504461
U208 0 0 0.0318335
U209 0 0 0.036405
U264 0 0 0.0494427
U254 1 0 0.0910468
U255 1 0 0.0703499
U256 0 0 0.0663795
U257 1 0 0.049122
U258 1 0 0.0796923
U259 0 0 0.061711
U260 1 0 0.071224
U261 0 0 0.0475242
U262 1 0 0.0634028
U263 1 0 0.0250087
U253 0 0 0.0214827
U265 0 0 0.0426897
U266 1 0 0.0485204
U267 0 0 0.0208915
U268 0 0 0.0588206
U269 1 0 0.0775926
U270 0 0 0.0581036
U271 1 0 0.0497839
U272 0 0 0.0504461
U273 0 0 0.0318335
U243 0 0 0.112934
U233 0 0 0.0669168
U234 1 0 -nan
U235 0 0 -nan
U236 1 0 0.0655733
U237 0 0 0.118228
U238 1 0 -nan
U239 1 0 0.068775
U240 0 0 0.0462809
U241 1 0 0.0966046
U242 1 0 0.0278498
U189 0 0 0.108509
U244 1 0 0.172608
U245 0 0 0.0425664
U246 0 0 0.0548831
U247 1 0 0.042652
U248 1 0 0.0646933
U249 0 0 0.0214827
U250 0 0 0.0593253
U251 1 0 0.0400998
U252 0 0 0.0431624
