g1 1 0 0.036105
g10 1 0 0.118823
g2 0 0 0.0334064
g3 1 0 0.0793364
g4 1 0 0.0522772
g5 0 0 0.0533761
g6 0 0 0.0494338
g7 0 0 0.0634688
g8 1 0 0.111416
g9 1 0 0.118823

g1 0 0 0.0318074
g10 0 0 0.0881502
g2 0 0 0.0334064
g3 1 0 0.0784318
g4 1 0 0.0522772
g5 1 0 0.0816284
g6 0 0 0.0492184
g7 0 0 0.0634688
g8 0 0 0.113939
g9 1 0 0.118823

g1 0 0 0.0318074
g10 1 0 0.118823
g2 0 0 0.0334064
g3 1 0 0.0784318
g4 1 0 0.0522772
g5 0 0 0.0365925
g6 0 0 0.0492184
g7 0 0 0.0634688
g8 1 0 0.0956283
g9 1 0 0.118823
