-----------------------------
Start parsing input netlist
netlist filename: ../prog2_2022/example.v
verilog: 
-----------------------------
output n11, n12, n13; 

input n1, n2, n3;

wire n4, n5, n6, n7, n8, n9, n10;

INVX1 g1(.ZN(n4), .I(n1)); 
INVX1 g2(.ZN(n5), .I(n2)); 
NANDX1 g3(.ZN(n6), .A1(n4), .A2(n5)); 
INVX1 g4(.ZN(n7), .I(n5)); 
NOR2X1 g5(.ZN(n8), .A1(n4), .A2(n3)); 
INVX1 g6(.ZN(n9), .I(n6)); 
NOR2X1 g7(.ZN(n10), .A1(n6), .A2(n7)); 
NANDX1 g8(.ZN(n11), .A1(n7), .A2(n8)); 
NOR2X1 g9(.ZN(n12), .A1(n9), .A2(n10)); 
NOR2X1 g10(.ZN(n13), .A1(n10), .A2(n8)); 
-------[output]-------
g10 3: n13
g9 3: n12
g6 4: n9
g5 3: n8
g4 4: n7
g7 3: n10
g3 2: n6
g8 2: n11
g2 4: n5
g1 4: n4
---
n10 2: g9 (A2) g10 (A1) 
n9 2: g9 (A1) 
n7 2: g7 (A2) g8 (A1) 
n8 2: g8 (A2) g10 (A2) 
n4 2: g3 (A1) g5 (A1) 
n3 0: g5 (A2) 
n1 0: g1 (I) 
n13 1: 
n2 0: g2 (I) 
n12 1: 
n6 2: g6 (I) g7 (A1) 
n5 2: g3 (A2) g4 (I) 
n11 1: 
----Start Parsing Lib----
0 0.001400
1 0.003000
2 0.006200
3 0.012500
4 0.025100
5 0.050400
6 0.101000
7 0.0208
8 0.0336
9 0.06
10 0.1112
11 0.2136
12 0.4192
13 0.8304
14 cell(NOR2X1)
15 pin(A1)
16 capacitance:0.0105008
17 pin(A2)
18 capacitance:0.0108106
19 pin(ZN)
20 capacitance:0.0
21 0.010451
22 0.012200
23 0.010200
24 0.011217
25 0.012527
26 0.015876
27 0.022985
28 0.012401
29 0.012343
30 0.010570
31 0.010892
32 0.012249
33 0.016267
34 0.022506
35 0.007618
36 0.009438
37 0.008822
38 0.010576
39 0.011355
40 0.017262
41 0.021875
42 0.011155
43 0.011529
44 0.007943
45 0.009965
46 0.011008
47 0.013510
48 0.021533
49 0.010841
50 0.009993
51 0.009287
52 0.009466
53 0.008619
54 0.012171
55 0.019587
56 0.010153
57 0.009880
58 0.009047
59 0.007202
60 0.005313
61 0.007439
62 0.011703
63 0.010490
64 0.010080
65 0.009190
66 0.007640
67 0.004860
68 0.000720
69 0.003490
70 0.000000
71 0.000087
72 0.000000
73 0.000215
74 0.001409
75 0.004455
76 0.011037
77 0.001493
78 0.000000
79 0.000000
80 0.000163
81 0.001312
82 0.004179
83 0.010856
84 0.000439
85 0.000119
86 0.000000
87 0.000072
88 0.001228
89 0.003859
90 0.010778
91 0.000000
92 0.000466
93 0.000000
94 0.000594
95 0.001113
96 0.004068
97 0.009763
98 0.000270
99 0.000588
100 0.000000
101 0.000329
102 0.000974
103 0.003449
104 0.009297
105 0.000307
106 0.000332
107 0.000248
108 0.000000
109 0.000837
110 0.002918
111 0.007794
112 0.000370
113 0.000376
114 0.000337
115 0.000365
116 0.000717
117 0.002124
118 0.006486
119 0.023104
120 0.026347
121 0.032439
122 0.037211
123 0.050187
124 0.075629
125 0.10893
126 0.027062
127 0.029858
128 0.036397
129 0.042338
130 0.055823
131 0.083858
132 0.11942
133 0.034333
134 0.037002
135 0.043649
136 0.050318
137 0.064815
138 0.089926
139 0.13827
140 0.048838
141 0.051443
142 0.053267
143 0.064115
144 0.083493
145 0.11205
146 0.17069
147 0.076172
148 0.077668
149 0.081485
150 0.08978
151 0.11263
152 0.14904
153 0.20359
154 0.13351
155 0.13486
156 0.13847
157 0.14635
158 0.16278
159 0.20974
160 0.27949
161 0.24777
162 0.24888
163 0.25234
164 0.25971
165 0.27596
166 0.30968
167 0.40393
168 0.017693
169 0.020473
170 0.024855
171 0.029528
172 0.03475
173 0.038561
174 0.030505
175 0.019856
176 0.022665
177 0.027792
178 0.033415
179 0.03982
180 0.045554
181 0.039165
182 0.024076
183 0.026936
184 0.032932
185 0.040339
186 0.048928
187 0.057779
188 0.054661
189 0.03228
190 0.035141
191 0.041568
192 0.051796
193 0.064313
194 0.069003
195 0.080192
196 0.048376
197 0.051227
198 0.057825
199 0.070186
200 0.089026
201 0.09852
202 0.11886
203 0.078389
204 0.08013
205 0.090011
206 0.091689
207 0.11283
208 0.15092
209 0.17976
210 0.14202
211 0.14372
212 0.14735
213 0.15483
214 0.17074
215 0.21341
216 0.2901
217 0.047372
218 0.047388
219 0.05291
220 0.069558
221 0.079757
222 0.11295
223 0.16298
224 0.055454
225 0.057237
226 0.061359
227 0.076048
228 0.089491
229 0.12218
230 0.1786
231 0.070803
232 0.069305
233 0.07765
234 0.08839
235 0.10706
236 0.15805
237 0.20462
238 0.097384
239 0.095745
240 0.10667
241 0.11394
242 0.1372
243 0.17641
244 0.23705
245 0.16606
246 0.16368
247 0.16716
248 0.17
249 0.18593
250 0.23581
251 0.33823
252 0.2963
253 0.29
254 0.29077
255 0.29997
256 0.29596
257 0.34204
258 0.4312
259 0.55605
260 0.54072
261 0.53969
262 0.54185
263 0.56377
264 0.57026
265 0.65233
266 0.0178
267 0.020672
268 0.025912
269 0.038106
270 0.054758
271 0.087109
272 0.14053
273 0.02211
274 0.024126
275 0.029235
276 0.043016
277 0.061952
278 0.094784
279 0.15217
280 0.02905
281 0.032076
282 0.035248
283 0.05071
284 0.073218
285 0.11045
286 0.17034
287 0.045602
288 0.046546
289 0.049838
290 0.065112
291 0.089226
292 0.13818
293 0.22076
294 0.07724
295 0.077419
296 0.079545
297 0.087836
298 0.11532
299 0.18049
300 0.25971
301 0.13593
302 0.13398
303 0.1414
304 0.14681
305 0.16852
306 0.22528
307 0.3437
308 0.25981
309 0.25461
310 0.25367
311 0.26263
312 0.27702
313 0.33235
314 0.44369
315 cell(INVX1)
316 pin(I)
317 capacitance:0.0109115
318 pin(ZN)
319 capacitance:0.0
320 0.006596
321 0.008956
322 0.009062
323 0.009373
324 0.011152
325 0.014745
326 0.022057
327 0.002327
328 0.001160
329 0.008388
330 0.009796
331 0.010724
332 0.014648
333 0.022397
334 0.005876
335 0.008937
336 0.005470
337 0.009384
338 0.011156
339 0.013834
340 0.021505
341 0.009800
342 0.013258
343 0.006654
344 0.007355
345 0.011751
346 0.013941
347 0.019906
348 0.009265
349 0.003829
350 0.001602
351 0.005923
352 0.009966
353 0.013130
354 0.018865
355 0.007550
356 0.006479
357 0.006212
358 0.005920
359 0.001487
360 0.012963
361 0.016774
362 0.007470
363 0.005900
364 0.004800
365 0.001880
366 0.000000
367 0.000000
368 0.019160
369 0.000000
370 0.000000
371 0.000000
372 0.000000
373 0.001344
374 0.004706
375 0.011590
376 0.000000
377 0.000000
378 0.000000
379 0.000000
380 0.001375
381 0.004474
382 0.011340
383 0.000147
384 0.000000
385 0.000810
386 0.000000
387 0.001046
388 0.004332
389 0.010929
390 0.000000
391 0.000000
392 0.000000
393 0.000000
394 0.001021
395 0.003817
396 0.010102
397 0.000000
398 0.000000
399 0.000000
400 0.000000
401 0.000787
402 0.003143
403 0.009316
404 0.000000
405 0.000000
406 0.000000
407 0.000000
408 0.000254
409 0.002648
410 0.007777
411 0.000000
412 0.000000
413 0.000000
414 0.000000
415 0.000124
416 0.001639
417 0.006515
418 0.013379
419 0.016044
420 0.019907
421 0.022481
422 0.031726
423 0.040185
424 0.050385
425 0.01525
426 0.018376
427 0.022972
428 0.026053
429 0.03705
430 0.047418
431 0.059875
432 0.018871
433 0.022403
434 0.028108
435 0.03261
436 0.045789
437 0.059925
438 0.076608
439 0.02597
440 0.029306
441 0.033033
442 0.042608
443 0.054479
444 0.080008
445 0.10394
446 0.040047
447 0.040538
448 0.045817
449 0.058067
450 0.076355
451 0.09933
452 0.14683
453 0.066295
454 0.068558
455 0.073341
456 0.083717
457 0.10821
458 0.14397
459 0.18904
460 0.12223
461 0.12441
462 0.1292
463 0.13863
464 0.15947
465 0.20864
466 0.2792
467 0.015975
468 0.018648
469 0.022904
470 0.028037
471 0.031885
472 0.041402
473 0.053623
474 0.018156
475 0.021149
476 0.026094
477 0.032287
478 0.03668
479 0.048075
480 0.062383
481 0.022594
482 0.02559
483 0.031664
484 0.039739
485 0.044932
486 0.059061
487 0.077439
488 0.031149
489 0.034095
490 0.040822
491 0.051786
492 0.060032
493 0.076833
494 0.10231
495 0.047947
496 0.047918
497 0.057692
498 0.063035
499 0.082424
500 0.10735
501 0.14034
502 0.079511
503 0.081269
504 0.085301
505 0.093628
506 0.11641
507 0.1545
508 0.202
509 0.14604
510 0.14772
511 0.15158
512 0.15967
513 0.17681
514 0.22372
515 0.29848
516 0.017522
517 0.021682
518 0.028803
519 0.041672
520 0.052872
521 0.081109
522 0.12837
523 0.02198
524 0.024661
525 0.033109
526 0.046939
527 0.060235
528 0.088586
529 0.13712
530 0.029796
531 0.032708
532 0.038207
533 0.056464
534 0.07806
535 0.099037
536 0.15561
537 0.044871
538 0.046301
539 0.05161
540 0.068661
541 0.10222
542 0.12468
543 0.18211
544 0.076836
545 0.076772
546 0.076054
547 0.089262
548 0.12837
549 0.18676
550 0.23216
551 0.1417
552 0.14121
553 0.14198
554 0.14212
555 0.17126
556 0.2441
557 0.35429
558 0.27081
559 0.26681
560 0.26943
561 0.27422
562 0.27429
563 0.33228
564 0.47341
565 0.017349
566 0.017893
567 0.024178
568 0.035104
569 0.051821
570 0.075654
571 0.12316
572 0.018614
573 0.022157
574 0.027649
575 0.040185
576 0.059238
577 0.085087
578 0.13344
579 0.027419
580 0.029372
581 0.034899
582 0.049446
583 0.072893
584 0.10429
585 0.15246
586 0.043657
587 0.044863
588 0.049056
589 0.060723
590 0.091025
591 0.13231
592 0.18596
593 0.07653
594 0.073661
595 0.079082
596 0.087928
597 0.12085
598 0.17316
599 0.24881
600 0.13749
601 0.13518
602 0.13793
603 0.14913
604 0.16585
605 0.22913
606 0.33942
607 0.26533
608 0.26248
609 0.26553
610 0.26592
611 0.28688
612 0.33103
613 0.45258
614 cell(NANDX1)
615 pin(A1)
616 capacitance:0.00683597
617 pin(A2)
618 capacitance:0.00798456
619 pin(ZN)
620 capacitance:0.0
621 0.007593
622 0.007436
623 0.006019
624 0.006400
625 0.007973
626 0.009406
627 0.013989
628 0.007299
629 0.008799
630 0.006651
631 0.006342
632 0.007181
633 0.009119
634 0.013543
635 0.004234
636 0.003809
637 0.004721
638 0.005505
639 0.007075
640 0.010251
641 0.012960
642 0.007007
643 0.006314
644 0.006784
645 0.003855
646 0.006392
647 0.010759
648 0.012657
649 0.005527
650 0.007390
651 0.004294
652 0.003974
653 0.003022
654 0.007888
655 0.012000
656 0.005818
657 0.004820
658 0.004028
659 0.003114
660 0.000414
661 0.000815
662 0.011586
663 0.005380
664 0.005400
665 0.004560
666 0.002950
667 0.000000
668 0.000000
669 0.000000
670 0.000000
671 0.000000
672 0.000953
673 0.001491
674 0.002336
675 0.004383
676 0.008703
677 0.001905
678 0.001249
679 0.001247
680 0.001382
681 0.002332
682 0.004281
683 0.008356
684 0.001239
685 0.001699
686 0.002012
687 0.001563
688 0.002274
689 0.003891
690 0.007969
691 0.001945
692 0.001479
693 0.001055
694 0.001492
695 0.001839
696 0.003646
697 0.007427
698 0.001378
699 0.001171
700 0.001076
701 0.001319
702 0.001541
703 0.002992
704 0.006585
705 0.001468
706 0.001375
707 0.001369
708 0.001383
709 0.001553
710 0.002600
711 0.005630
712 0.001462
713 0.001417
714 0.001418
715 0.001377
716 0.001474
717 0.002205
718 0.004555
719 0.020844
720 0.02431
721 0.030696
722 0.039694
723 0.048205
724 0.072168
725 0.10188
726 0.024677
727 0.027942
728 0.035042
729 0.045467
730 0.054973
731 0.082349
732 0.11539
733 0.032068
734 0.035394
735 0.042758
736 0.055361
737 0.065991
738 0.090936
739 0.13847
740 0.046811
741 0.049968
742 0.057164
743 0.064754
744 0.086481
745 0.11676
746 0.15744
747 0.073919
748 0.078805
749 0.080873
750 0.091007
751 0.11655
752 0.1579
753 0.21448
754 0.13162
755 0.13363
756 0.1383
757 0.14793
758 0.1685
759 0.22032
760 0.30054
761 0.24661
762 0.24835
763 0.25294
764 0.26221
765 0.282
766 0.32417
767 0.42783
768 0.020382
769 0.023257
770 0.027894
771 0.033548
772 0.03574
773 0.04179
774 0.044857
775 0.024029
776 0.026956
777 0.032263
778 0.039221
779 0.042085
780 0.050402
781 0.056668
782 0.031269
783 0.034119
784 0.039869
785 0.049176
786 0.053737
787 0.065333
788 0.07578
789 0.045259
790 0.047829
791 0.053987
792 0.057975
793 0.072805
794 0.089369
795 0.10958
796 0.071393
797 0.072867
798 0.076097
799 0.082901
800 0.10269
801 0.13035
802 0.16091
803 0.12714
804 0.12851
805 0.13175
806 0.13825
807 0.15292
808 0.19222
809 0.2452
810 0.23846
811 0.23967
812 0.2429
813 0.24923
814 0.26252
815 0.29317
816 0.37116
817 0.030236
818 0.03225
819 0.038219
820 0.052208
821 0.080479
822 0.10719
823 0.15147
824 0.039514
825 0.039353
826 0.046985
827 0.061163
828 0.087011
829 0.11697
830 0.17515
831 0.051087
832 0.053959
833 0.058155
834 0.070827
835 0.10934
836 0.15223
837 0.20641
838 0.085969
839 0.08422
840 0.092301
841 0.096621
842 0.12925
843 0.19941
844 0.26597
845 0.15372
846 0.14705
847 0.15469
848 0.1603
849 0.17955
850 0.24852
851 0.35789
852 0.28669
853 0.28022
854 0.28121
855 0.28888
856 0.27863
857 0.3316
858 0.48256
859 0.5525
860 0.53592
861 0.53441
862 0.53503
863 0.55683
864 0.54271
865 0.65957
866 0.027802
867 0.028745
868 0.035327
869 0.047243
870 0.067704
871 0.097889
872 0.15165
873 0.03416
874 0.03663
875 0.041513
876 0.054197
877 0.079795
878 0.11013
879 0.16545
880 0.048764
881 0.050279
882 0.053838
883 0.06597
884 0.098021
885 0.13303
886 0.19592
887 0.076954
888 0.077267
889 0.077694
890 0.08918
891 0.11528
892 0.17286
893 0.23832
894 0.13307
895 0.13316
896 0.13508
897 0.14106
898 0.16249
899 0.2137
900 0.3243
901 0.24709
902 0.24136
903 0.24516
904 0.25064
905 0.26398
906 0.31964
907 0.44603
908 0.47444
909 0.46022
910 0.46284
911 0.46654
912 0.48133
913 0.48929
914 0.60317
-----------------------------
Start generating output files
case name: example
-----------------------------
